0.
0.
0.
0.
0.
0.
0.
0.
0.
0.
0.
0.
0.
0.
0.
0.
0.
0.
0.
0.
0.
0.
0.
0.
0.
0.
0.
0.
0.
0.
0.
0.
0.
0.
0.
0.
0.
0.
0.
0.
0.
0.
0.
0.
0.
0.
0.
0.
0.
0.
0.
0.
0.
0.
0.
0.
0.
0.
0.
0.
0.
0.
0.
0.
0.
0.
0.
0.
0.
0.
0.
0.
0.
0.
0.
0.
0.
0.
0.
0.
0.
0.
0.
0.
0.
0.
0.
0.
0.
0.
0.
0.
0.
0.
0.
0.
0.
0.
0.
0.
0.
0.
0.
0.
0.
0.
0.
0.
0.
0.
0.
0.
0.
0.
0.
0.
0.
0.
0.
0.
0.
0.
0.
0.
0.
0.
0.
0.
0.
0.
0.
0.
0.
0.
0.
0.
0.
0.
0.
0.
0.
0.
0.
0.
0.
0.
0.
0.
0.
0.
0.
0.
0.
0.
0.
0.
0.
0.
0.
0.
0.
0.
0.
0.
0.
0.
0.
0.
0.
0.
0.
0.
0.
0.
0.
0.
0.
0.
0.
0.
0.
0.
0.
0.
0.
0.
0.
0.
0.
0.
0.
0.
0.
0.
0.
0.
0.
0.
0.
0.
0.
0.
0.
0.
0.
0.
0.0745098
0.25882353
0.55294118
0.55294118
0.84705882
0.99215686
0.6
0.30980392
0.0627451
0.0745098
0.
0.
0.
0.
0.
0.
0.
0.
0.
0.
0.
0.
0.
0.
0.
0.
0.
0.2745098
0.88235294
0.98823529
0.98823529
0.99215686
0.98823529
0.98823529
0.98823529
0.99215686
0.84313725
0.87843137
0.46666667
0.
0.
0.
0.
0.
0.
0.
0.
0.
0.
0.
0.
0.
0.
0.
0.29803922
0.99215686
0.98823529
0.98823529
0.98823529
0.84705882
0.76862745
0.65882353
0.65882353
0.65882353
0.87843137
0.98823529
0.98823529
0.49411765
0.
0.
0.
0.
0.
0.
0.
0.
0.
0.
0.
0.
0.
0.14901961
0.92941176
0.99215686
0.98823529
0.49803922
0.10980392
0.0627451
0.03529412
0.
0.
0.
0.17254902
0.89411765
0.98823529
0.93333333
0.14901961
0.
0.
0.
0.
0.
0.
0.
0.
0.
0.
0.
0.
0.3372549
0.99215686
1.
0.5254902
0.
0.
0.
0.
0.
0.
0.
0.
0.77647059
0.99215686
0.99607843
0.32941176
0.
0.
0.
0.
0.
0.
0.
0.
0.
0.
0.
0.
0.43137255
0.98823529
0.91764706
0.10980392
0.
0.
0.
0.
0.
0.
0.22352941
0.32156863
0.91764706
0.98823529
0.99215686
0.32941176
0.
0.
0.
0.
0.
0.
0.
0.
0.
0.
0.
0.
0.77254902
0.98823529
0.88235294
0.
0.
0.
0.
0.
0.
0.14901961
0.99215686
0.98823529
0.98823529
0.98823529
0.61176471
0.0745098
0.
0.
0.
0.
0.
0.
0.
0.
0.
0.
0.
0.
0.57647059
0.98823529
0.98039216
0.29411765
0.
0.
0.
0.
0.14901961
0.88235294
0.99215686
0.98823529
0.98823529
0.79215686
0.
0.
0.
0.
0.
0.
0.
0.
0.
0.
0.
0.
0.
0.
0.29803922
0.98039216
0.99607843
0.99215686
0.84705882
0.55294118
0.55294118
0.55294118
0.89803922
0.99215686
0.99607843
0.99215686
0.80784314
0.05098039
0.
0.
0.
0.
0.
0.
0.
0.
0.
0.
0.
0.
0.
0.
0.
0.49019608
0.89411765
0.98823529
0.98823529
0.98823529
0.99215686
0.98823529
0.98823529
0.98823529
0.99215686
0.98823529
0.55686275
0.
0.
0.
0.
0.
0.
0.
0.
0.
0.
0.
0.
0.
0.
0.
0.
0.
0.12156863
0.50980392
0.65882353
0.65882353
0.61176471
0.21960784
0.47843137
0.98823529
0.99215686
0.91372549
0.14509804
0.
0.
0.
0.
0.
0.
0.
0.
0.
0.
0.
0.
0.
0.
0.
0.
0.
0.
0.
0.
0.
0.
0.
0.5254902
0.98823529
0.99215686
0.37647059
0.
0.
0.
0.
0.
0.
0.
0.
0.
0.
0.
0.
0.
0.
0.
0.
0.
0.
0.
0.
0.
0.
0.
0.47058824
0.99215686
0.99215686
0.63921569
0.
0.
0.
0.
0.
0.
0.
0.
0.
0.
0.
0.
0.
0.
0.
0.
0.
0.
0.
0.
0.
0.
0.
0.02745098
0.73333333
0.98823529
0.98823529
0.14901961
0.
0.
0.
0.
0.
0.
0.
0.
0.
0.
0.
0.
0.
0.
0.
0.
0.
0.
0.
0.
0.
0.
0.
0.60392157
0.98823529
0.98823529
0.83921569
0.
0.
0.
0.
0.
0.
0.
0.
0.
0.
0.
0.
0.
0.
0.
0.
0.
0.
0.
0.
0.
0.
0.
0.
0.99215686
0.98823529
0.98823529
0.35294118
0.
0.
0.
0.
0.
0.
0.
0.
0.
0.
0.
0.
0.
0.
0.
0.
0.
0.
0.
0.
0.
0.
0.
0.24705882
0.99607843
0.99215686
0.65882353
0.
0.
0.
0.
0.
0.
0.
0.
0.
0.
0.
0.
0.
0.
0.
0.
0.
0.
0.
0.
0.
0.
0.
0.
0.44313725
0.99215686
0.98823529
0.65882353
0.
0.
0.
0.
0.
0.
0.
0.
0.
0.
0.
0.
0.
0.
0.
0.
0.
0.
0.
0.
0.
0.
0.
0.
0.78431373
0.99215686
0.98823529
0.50980392
0.
0.
0.
0.
0.
0.
0.
0.
0.
0.
0.
0.
0.
0.
0.
0.
0.
0.
0.
0.
0.
0.
0.
0.
0.29411765
0.99215686
0.69411765
0.12156863
0.
0.
0.
0.
0.
0.
0.
0.
0.
0.
0.
0.
0.
0.
0.
0.
0.
0.
0.
0.
0.
0.
0.
0.
0.
0.
0.
0.
0.
0.
0.
0.
0.
0.
0.
0.
0.
0.
0.
0.