0.
0.
0.
0.
0.
0.
0.
0.
0.
0.
0.
0.
0.
0.
0.
0.
0.
0.
0.
0.
0.
0.
0.
0.
0.
0.
0.
0.
0.
0.
0.
0.
0.
0.
0.
0.
0.
0.
0.
0.
0.
0.
0.
0.
0.
0.
0.
0.
0.
0.
0.
0.
0.
0.
0.
0.
0.
0.
0.
0.
0.
0.
0.
0.
0.
0.
0.
0.
0.
0.
0.
0.
0.
0.
0.
0.
0.
0.
0.
0.
0.
0.
0.
0.
0.
0.
0.
0.
0.
0.
0.
0.
0.
0.
0.
0.
0.
0.
0.
0.
0.
0.
0.
0.
0.
0.
0.
0.
0.
0.
0.
0.
0.
0.
0.
0.
0.
0.
0.
0.
0.
0.
0.
0.
0.
0.
0.
0.
0.
0.
0.
0.
0.
0.
0.
0.
0.
0.
0.
0.
0.
0.
0.
0.
0.
0.
0.
0.01568627
0.02745098
0.02745098
0.3372549
0.50980392
0.50980392
0.85882353
0.99607843
0.99607843
0.99607843
0.99607843
0.83137255
0.3254902
0.
0.
0.
0.
0.
0.
0.
0.
0.
0.
0.
0.
0.
0.
0.02745098
0.58039216
0.99215686
0.99215686
0.99215686
0.99215686
0.99215686
0.99215686
0.99215686
0.99215686
0.99215686
0.99215686
0.99215686
0.80784314
0.05882353
0.
0.
0.
0.
0.
0.
0.
0.
0.
0.
0.
0.
0.
0.53333333
0.99215686
0.99215686
0.99215686
0.99215686
0.99215686
0.99215686
0.99215686
0.94117647
0.94117647
0.99215686
0.96862745
0.92156863
0.34509804
0.
0.
0.
0.
0.
0.
0.
0.
0.
0.
0.
0.
0.
0.
0.49019608
0.99215686
0.99215686
0.99215686
0.92941176
0.81176471
0.41176471
0.41176471
0.10980392
0.11372549
0.41176471
0.28235294
0.
0.
0.
0.
0.
0.
0.
0.
0.
0.
0.
0.
0.
0.
0.
0.
0.34901961
0.99215686
0.99215686
0.91764706
0.14117647
0.
0.
0.
0.09019608
0.1254902
0.02745098
0.
0.
0.
0.
0.
0.
0.
0.
0.
0.
0.
0.
0.
0.
0.
0.
0.
0.53333333
0.99215686
0.99215686
0.94901961
0.63137255
0.63137255
0.63137255
0.63137255
0.89803922
0.99215686
0.70980392
0.63137255
0.23137255
0.09411765
0.
0.
0.
0.
0.
0.
0.
0.
0.
0.
0.
0.
0.
0.
0.45490196
0.99215686
0.99215686
0.99215686
0.99215686
0.99215686
0.99215686
0.99215686
0.99215686
0.99215686
0.99215686
0.99215686
0.99215686
0.87058824
0.47058824
0.01960784
0.
0.
0.
0.
0.
0.
0.
0.
0.
0.
0.
0.
0.01568627
0.6
0.99215686
0.99215686
0.99215686
0.99215686
0.99215686
0.99215686
0.94509804
0.8
0.95294118
0.99215686
0.99215686
0.99215686
0.99215686
0.50588235
0.01568627
0.
0.
0.
0.
0.
0.
0.
0.
0.
0.
0.
0.
0.02352941
0.29019608
0.34901961
0.46666667
0.29019608
0.29019608
0.29019608
0.21960784
0.
0.22745098
0.29019608
0.45882353
0.96078431
0.99215686
0.99215686
0.17647059
0.
0.
0.
0.
0.
0.
0.
0.
0.
0.
0.
0.
0.
0.
0.
0.
0.
0.
0.
0.
0.
0.
0.
0.
0.40784314
0.96470588
0.99215686
0.6627451
0.01176471
0.
0.
0.
0.
0.
0.
0.
0.
0.
0.
0.
0.
0.
0.
0.
0.
0.
0.
0.
0.
0.
0.
0.
0.
0.74509804
0.99215686
0.99215686
0.04705882
0.
0.
0.
0.
0.
0.
0.
0.
0.
0.
0.
0.
0.
0.
0.
0.19607843
0.23529412
0.
0.
0.
0.
0.
0.
0.
0.39215686
0.99215686
0.99215686
0.04705882
0.
0.
0.
0.
0.
0.
0.
0.
0.
0.
0.
0.
0.
0.03921569
0.62745098
0.92941176
0.95686275
0.23529412
0.
0.
0.
0.
0.
0.
0.54509804
0.99215686
0.99215686
0.04705882
0.
0.
0.
0.
0.
0.
0.
0.
0.
0.
0.
0.
0.
0.5254902
0.99215686
0.99215686
0.6627451
0.05098039
0.
0.
0.
0.
0.
0.12941176
0.91764706
0.99215686
0.99215686
0.04705882
0.
0.
0.
0.
0.
0.
0.
0.
0.
0.
0.
0.
0.
0.60784314
0.99215686
0.99215686
0.72941176
0.
0.
0.
0.
0.
0.
0.78039216
0.99215686
0.99215686
0.61568627
0.00784314
0.
0.
0.
0.
0.
0.
0.
0.
0.
0.
0.
0.
0.
0.41960784
0.99215686
0.99215686
0.96862745
0.25490196
0.
0.
0.
0.
0.3254902
0.90588235
0.99215686
0.99215686
0.12941176
0.
0.
0.
0.
0.
0.
0.
0.
0.
0.
0.
0.
0.
0.
0.0745098
0.84313725
0.99215686
0.99215686
0.81960784
0.31372549
0.
0.3254902
0.56862745
0.97647059
0.99215686
0.99215686
0.61568627
0.00784314
0.
0.
0.
0.
0.
0.
0.
0.
0.
0.
0.
0.
0.
0.
0.
0.41960784
0.99215686
0.99215686
0.99215686
0.97647059
0.9254902
0.97647059
0.99215686
0.99215686
0.99215686
0.63137255
0.04313725
0.
0.
0.
0.
0.
0.
0.
0.
0.
0.
0.
0.
0.
0.
0.
0.
0.00784314
0.12941176
0.84705882
0.99215686
0.99215686
0.99215686
0.99215686
0.99215686
0.99215686
0.41960784
0.02745098
0.
0.
0.
0.
0.
0.
0.
0.
0.
0.
0.
0.
0.
0.
0.
0.
0.
0.
0.
0.10980392
0.50588235
0.8627451
0.99215686
0.85098039
0.35294118
0.01960784
0.00392157
0.
0.
0.
0.
0.
0.
0.
0.
0.
0.
0.
0.
0.
0.
0.
0.
0.
0.
0.
0.
0.
0.
0.
0.
0.
0.
0.
0.
0.
0.
0.
0.
0.
0.
0.
0.
0.
0.
0.
0.
0.
0.
0.
0.
0.
0.
0.
0.
0.
0.
0.
0.
0.
0.
0.
0.
0.
0.
0.
0.
0.
0.
0.
0.
0.
0.
0.
0.
0.
0.
0.
0.
0.
0.
0.
0.
0.
0.
0.
0.
0.
0.
0.
0.
0.
0.
0.
0.
0.
0.
0.
0.