0.
0.
0.
0.
0.
0.
0.
0.
0.
0.
0.
0.
0.
0.
0.
0.
0.
0.
0.
0.
0.
0.
0.
0.
0.
0.
0.
0.
0.
0.
0.
0.
0.
0.
0.
0.
0.
0.
0.
0.
0.
0.
0.
0.
0.
0.
0.
0.
0.
0.
0.
0.
0.
0.
0.
0.
0.
0.
0.
0.
0.
0.
0.
0.
0.
0.
0.
0.
0.
0.
0.
0.
0.
0.
0.
0.
0.
0.
0.
0.
0.
0.
0.
0.
0.
0.
0.
0.
0.
0.
0.
0.
0.
0.
0.
0.
0.
0.
0.
0.
0.
0.
0.
0.
0.
0.
0.
0.
0.
0.
0.
0.
0.
0.
0.
0.
0.
0.
0.
0.
0.
0.
0.
0.
0.
0.0627451
0.38039216
0.65882353
0.81960784
0.99607843
1.
0.85490196
0.38823529
0.
0.
0.
0.
0.
0.
0.
0.
0.
0.
0.
0.
0.
0.
0.
0.
0.
0.
0.07058824
0.55686275
0.98431373
0.99607843
0.99607843
0.89019608
0.70980392
0.74901961
0.99607843
0.71764706
0.
0.
0.
0.
0.
0.
0.
0.
0.
0.
0.
0.
0.
0.
0.
0.
0.
0.34901961
0.82352941
0.99607843
0.94117647
0.64705882
0.20392157
0.02352941
0.18039216
0.8745098
0.64705882
0.00784314
0.
0.
0.
0.
0.
0.
0.
0.
0.
0.
0.
0.
0.
0.
0.
0.0745098
0.55686275
0.99215686
0.99607843
0.77647059
0.2
0.
0.
0.12941176
0.75294118
0.30588235
0.
0.
0.
0.
0.
0.
0.
0.
0.
0.
0.
0.
0.
0.
0.
0.
0.
0.2745098
0.99607843
0.99607843
0.50196078
0.03137255
0.
0.
0.
0.05490196
0.08235294
0.
0.
0.
0.
0.
0.
0.
0.
0.
0.
0.
0.
0.
0.
0.
0.
0.
0.
0.2745098
0.99607843
0.99607843
0.10196078
0.
0.
0.
0.
0.
0.
0.
0.
0.
0.
0.
0.
0.
0.
0.
0.
0.
0.
0.
0.
0.
0.
0.
0.
0.12156863
0.88235294
0.99607843
0.63921569
0.10196078
0.
0.
0.
0.
0.
0.
0.
0.
0.
0.
0.
0.
0.
0.
0.
0.
0.
0.
0.
0.
0.
0.
0.
0.
0.15686275
0.81176471
0.99607843
0.8627451
0.21176471
0.
0.
0.
0.
0.1254902
0.56862745
0.63529412
0.
0.
0.
0.
0.
0.
0.
0.
0.
0.
0.
0.
0.
0.
0.
0.
0.
0.11372549
0.54509804
0.97254902
0.96862745
0.51764706
0.03137255
0.02745098
0.49803922
0.92156863
0.94901961
0.16470588
0.
0.
0.
0.
0.
0.
0.
0.
0.
0.
0.
0.
0.
0.
0.
0.
0.
0.
0.
0.20392157
0.81176471
0.99607843
0.81960784
0.68627451
0.99607843
0.88627451
0.21960784
0.
0.
0.
0.
0.
0.
0.
0.
0.
0.
0.
0.
0.
0.
0.
0.
0.
0.
0.
0.
0.
0.03137255
0.5372549
0.99607843
0.99607843
0.9372549
0.16862745
0.
0.
0.
0.
0.
0.
0.
0.
0.
0.
0.
0.
0.
0.
0.
0.
0.
0.
0.
0.
0.
0.
0.02745098
0.62745098
0.99607843
0.99607843
0.97254902
0.50196078
0.
0.
0.
0.
0.
0.
0.
0.
0.
0.
0.
0.
0.
0.
0.
0.
0.
0.
0.
0.
0.
0.02745098
0.50980392
0.99607843
0.88235294
0.58431373
0.97254902
0.97254902
0.34509804
0.
0.
0.
0.
0.
0.
0.
0.
0.
0.
0.
0.
0.
0.
0.
0.
0.
0.
0.
0.02352941
0.51372549
0.99607843
0.92156863
0.16862745
0.
0.52941176
0.99607843
0.83529412
0.
0.
0.
0.
0.
0.
0.
0.
0.
0.
0.
0.
0.
0.
0.
0.
0.
0.
0.
0.25098039
0.99607843
0.91372549
0.36078431
0.
0.
0.49019608
0.99607843
0.90980392
0.
0.
0.
0.
0.
0.
0.
0.
0.
0.
0.
0.
0.
0.
0.
0.
0.
0.
0.09803922
0.85098039
0.99607843
0.53333333
0.
0.
0.1254902
0.94509804
0.99607843
0.63137255
0.
0.
0.
0.
0.
0.
0.
0.
0.
0.
0.
0.
0.
0.
0.
0.
0.
0.
0.50196078
0.99607843
0.84705882
0.03921569
0.
0.07843137
0.79215686
0.99607843
0.88627451
0.06666667
0.
0.
0.
0.
0.
0.
0.
0.
0.
0.
0.
0.
0.
0.
0.
0.
0.
0.
0.91372549
0.99607843
0.79215686
0.01960784
0.38039216
0.85098039
0.99607843
0.78431373
0.0627451
0.
0.
0.
0.
0.
0.
0.
0.
0.
0.
0.
0.
0.
0.
0.
0.
0.
0.
0.
0.90588235
0.99607843
0.93333333
0.85098039
0.99607843
0.99215686
0.76862745
0.16470588
0.
0.
0.
0.
0.
0.
0.
0.
0.
0.
0.
0.
0.
0.
0.
0.
0.
0.
0.
0.
0.4627451
0.99607843
0.99607843
0.99607843
0.64705882
0.27058824
0.
0.
0.
0.
0.
0.
0.
0.
0.
0.
0.
0.
0.
0.
0.
0.
0.
0.
0.
0.
0.
0.
0.
0.
0.
0.
0.
0.
0.
0.
0.
0.
0.
0.
0.
0.
0.
0.
0.
0.
0.
0.
0.
0.
0.
0.
0.
0.
0.
0.
0.
0.
0.
0.
0.
0.
0.
0.
0.
0.
0.
0.
0.
0.
0.
0.
0.
0.
0.
0.
0.
0.
0.
0.
0.
0.
0.
0.
0.
0.
0.
0.
0.
0.
0.
0.
0.
0.
0.
0.
0.
0.
0.
0.
0.
0.
0.
0.
0.
0.
0.
0.
0.
0.
0.
0.
0.
0.
0.
0.
0.
0.
0.
0.
0.
0.
0.
0.
0.
0.
0.
0.
0.
0.