0.
0.
0.
0.
0.
0.
0.
0.
0.
0.
0.
0.
0.
0.
0.
0.
0.
0.
0.
0.
0.
0.
0.
0.
0.
0.
0.
0.
0.
0.
0.
0.
0.
0.
0.
0.
0.
0.
0.
0.
0.
0.
0.
0.
0.
0.
0.
0.
0.
0.
0.
0.
0.
0.
0.
0.
0.
0.
0.
0.
0.
0.
0.
0.
0.
0.
0.
0.
0.
0.
0.
0.
0.
0.
0.
0.
0.
0.
0.
0.
0.
0.
0.
0.
0.
0.
0.
0.
0.
0.
0.
0.
0.
0.
0.
0.
0.
0.
0.
0.
0.
0.
0.
0.
0.
0.
0.
0.
0.
0.
0.
0.
0.
0.
0.
0.
0.
0.
0.
0.
0.
0.
0.
0.
0.
0.
0.
0.
0.
0.
0.
0.
0.
0.
0.
0.
0.
0.
0.
0.
0.
0.
0.
0.
0.
0.
0.
0.
0.
0.
0.
0.
0.
0.
0.
0.
0.
0.
0.
0.
0.
0.
0.
0.
0.
0.
0.
0.
0.
0.
0.
0.
0.
0.
0.
0.
0.
0.25882353
0.39215686
0.39215686
0.39215686
0.39215686
0.39215686
0.39215686
0.39215686
0.06666667
0.
0.
0.
0.
0.
0.
0.
0.
0.
0.
0.
0.
0.
0.
0.
0.
0.
0.
0.34901961
0.97647059
0.98823529
0.98823529
0.98823529
0.98823529
0.98823529
0.99215686
0.98823529
0.95686275
0.94901961
0.85490196
0.30196078
0.
0.
0.
0.
0.
0.
0.
0.
0.
0.
0.
0.
0.
0.
0.
0.85490196
0.84705882
0.34509804
0.36470588
0.50980392
0.34509804
0.52941176
0.40392157
0.77254902
0.77254902
0.88627451
0.98823529
0.49803922
0.
0.
0.
0.
0.
0.
0.
0.
0.
0.
0.
0.
0.
0.
0.
0.11372549
0.45098039
0.09411765
0.
0.
0.
0.
0.
0.
0.
0.18039216
0.98823529
0.91372549
0.06666667
0.
0.
0.
0.
0.
0.
0.
0.
0.
0.
0.
0.
0.
0.
0.
0.
0.
0.
0.
0.
0.
0.
0.
0.
0.69019608
0.98823529
0.82352941
0.04313725
0.
0.
0.
0.
0.
0.
0.
0.
0.
0.
0.
0.
0.
0.
0.
0.
0.
0.
0.
0.
0.
0.
0.04705882
0.52941176
0.97254902
0.85882353
0.25098039
0.
0.
0.
0.
0.
0.
0.
0.
0.
0.
0.
0.
0.
0.
0.
0.
0.
0.
0.
0.
0.
0.
0.
0.58039216
0.98823529
0.98823529
0.45490196
0.
0.
0.
0.
0.
0.
0.
0.
0.
0.
0.
0.
0.
0.
0.
0.
0.
0.
0.
0.
0.
0.
0.
0.30588235
0.95294118
0.98823529
0.95294118
0.19607843
0.
0.
0.
0.
0.
0.
0.
0.
0.
0.
0.
0.
0.
0.
0.
0.
0.
0.
0.
0.
0.
0.04313725
0.32156863
1.
0.99215686
0.88627451
0.22352941
0.
0.
0.
0.
0.
0.
0.
0.
0.
0.
0.
0.
0.
0.
0.14901961
0.2627451
0.2627451
0.1254902
0.
0.
0.
0.23529412
0.78039216
0.98823529
0.99215686
0.69411765
0.05098039
0.
0.
0.
0.
0.
0.
0.
0.
0.
0.
0.
0.
0.
0.
0.
0.72941176
0.98823529
0.98823529
0.8627451
0.39215686
0.39215686
0.41176471
0.9254902
0.98823529
0.98823529
0.77254902
0.18431373
0.
0.
0.
0.
0.
0.
0.
0.
0.
0.
0.
0.
0.
0.
0.
0.
0.99215686
0.98823529
0.98823529
0.98823529
0.98823529
0.98823529
0.98823529
0.98823529
0.98823529
0.98823529
0.10588235
0.06666667
0.
0.
0.
0.
0.
0.
0.
0.
0.
0.
0.
0.
0.
0.
0.
0.
0.99215686
0.98823529
0.98823529
0.98823529
0.98823529
0.98823529
0.98823529
0.98823529
0.98823529
0.98823529
0.99215686
0.89803922
0.64705882
0.23529412
0.21960784
0.21960784
0.21960784
0.08627451
0.
0.
0.
0.
0.
0.
0.
0.
0.
0.
0.45882353
0.88627451
0.98823529
0.98823529
0.98823529
0.71764706
0.25098039
0.47843137
0.64313725
0.94509804
0.99215686
0.98823529
0.98823529
0.98823529
0.98823529
0.98823529
0.98823529
0.85882353
0.77647059
0.58823529
0.
0.
0.
0.
0.
0.
0.
0.
0.
0.05882353
0.2745098
0.50196078
0.23529412
0.01960784
0.
0.
0.
0.0745098
0.08627451
0.38823529
0.51372549
0.51372549
0.51372549
0.85490196
0.94509804
0.94509804
0.94509804
0.75686275
0.
0.
0.
0.
0.
0.
0.
0.
0.
0.
0.
0.
0.
0.
0.
0.
0.
0.
0.
0.
0.
0.
0.
0.
0.
0.
0.
0.
0.
0.
0.
0.
0.
0.
0.
0.
0.
0.
0.
0.
0.
0.
0.
0.
0.
0.
0.
0.
0.
0.
0.
0.
0.
0.
0.
0.
0.
0.
0.
0.
0.
0.
0.
0.
0.
0.
0.
0.
0.
0.
0.
0.
0.
0.
0.
0.
0.
0.
0.
0.
0.
0.
0.
0.
0.
0.
0.
0.
0.
0.
0.
0.
0.
0.
0.
0.
0.
0.
0.
0.
0.
0.
0.
0.
0.
0.
0.
0.
0.
0.
0.
0.
0.
0.
0.
0.
0.
0.
0.
0.
0.
0.
0.
0.
0.
0.
0.
0.
0.
0.
0.
0.
0.
0.
0.
0.
0.
0.
0.
0.
0.
0.
0.
0.
0.
0.
0.
0.
0.
0.
0.
0.
0.
0.
0.
0.
0.
0.
0.
0.
0.
0.
0.
0.
0.
0.
0.
0.
0.
0.
0.
0.
0.
0.
0.
0.
0.
0.
0.
0.
0.
0.
0.
0.
0.
0.
0.
0.
0.
0.
0.
0.
0.
0.
0.
0.
0.
0.
0.